0, 0, 0, 0, 0, 0, 11, 11, 11, 11, 0, 0, 0, 0, 0, 0,
0, 0, 0, 0, 11, 11, 11, 11, 11, 11, 11, 11, 0, 0, 0, 0,
0, 0, 0, 11, 11, 11, 11, 11, 11, 11, 11, 11, 11, 0, 0, 0,
0, 0, 11, 0, 0, 11, 11, 11, 11, 0, 0, 11, 11, 11, 0, 0,
0, 0, 0, 0, 0, 0, 11, 11, 0, 0, 0, 0, 11, 11, 0, 0,
0, 0, 6, 6, 0, 0, 11, 11, 6, 6, 0, 0, 11, 11, 0, 0,
0, 11, 6, 6, 0, 0, 11, 11, 6, 6, 0, 0, 11, 11, 11, 0,
0, 11, 11, 0, 0, 11, 11, 11, 11, 0, 0, 11, 11, 11, 11, 0,
0, 11, 11, 11, 11, 11, 11, 11, 11, 11, 11, 11, 11, 11, 11, 0,
0, 11, 11, 11, 11, 11, 11, 11, 11, 11, 11, 11, 11, 11, 11, 0,
0, 11, 11, 11, 11, 11, 11, 11, 11, 11, 11, 11, 11, 11, 11, 0,
0, 11, 11, 11, 11, 11, 11, 11, 11, 11, 11, 11, 11, 11, 11, 0,
0, 11, 11, 11, 11, 11, 11, 11, 11, 11, 11, 11, 11, 11, 11, 0,
0, 11, 11, 11, 11, 0, 11, 11, 11, 11, 0, 11, 11, 11, 11, 0,
0, 0, 11, 11, 0, 0, 0, 11, 11, 0, 0, 0, 11, 11, 0, 0, 
0, 0, 11, 11, 0, 0, 0, 11, 11, 0, 0, 0, 11, 11, 0, 0
